10 -1.25511555195094472170413979e-02
12 -1.36845882137974494963117422e-02
14 -1.47003194918081808717502668e-02
16 -1.56181173042131259814935262e-02
18 -1.62773546538414713713560644e-02
20 -1.68068955645066589466019025e-02
22 -1.72027245878040510596029833e-02
24 -1.75260318241689978802089200e-02
26 -1.76880592023954674729679937e-02
28 -1.77923613915645130456599787e-02
30 -1.78580522911428833665592464e-02
32 -1.79168077576991220667412819e-02
34 -1.79008507123706514518879374e-02
36 -1.78824204662404000198971943e-02
38 -1.78653378062763115718958318e-02
40 -1.78726640790861646124199069e-02
42 -1.78252615307465389626884189e-02
44 -1.77980053079611691413397523e-02
46 -1.77864843154120176593746550e-02
48 -1.77794635583644645981937771e-02
50 -1.77545987986014765225295520e-02
52 -1.77413195964894639111708585e-02
54 -1.77280841470008471150165974e-02
56 -1.77327061023742661716173785e-02
58 -1.75464692562877187798076051e-02
60 -1.75464692562877153103606531e-02
62 -1.75464692562877153103606531e-02
64 -1.75464692562877187798076051e-02
66 -1.75464692562877153103606531e-02
68 -1.75464692562877187798076051e-02
70 -1.75464692562877153103606531e-02
72 -1.75464692562877153103606531e-02
74 -1.75464692562877153103606531e-02
76 -1.75464692562877153103606531e-02
78 -1.75464692562877187798076051e-02
80 -1.75464692562877153103606531e-02
82 -1.75464692562877153103606531e-02
84 -1.75464692562877153103606531e-02
86 -1.75464692562877187798076051e-02
88 -1.75464692562877153103606531e-02
90 -1.75464692562877153103606531e-02
92 -1.75464692562877153103606531e-02
94 -1.75464692562877153103606531e-02
96 -1.75464692562877187798076051e-02
