10 -1.27322086517965386842643483e-02
11 -1.30595049933121386959156141e-02
12 -1.39311434792047592057251393e-02
13 -1.41339288753387255781479581e-02
14 -1.48429163203292503736552277e-02
15 -1.51114223601630983523369522e-02
16 -1.56972429744603389489832068e-02
17 -1.58759401141808295654378469e-02
18 -1.64914615572075706761978608e-02
19 -1.65256346981536780815780219e-02
20 -1.69601540016893828632937868e-02
21 -1.70237009508725188611233392e-02
22 -1.73163126292300052766481855e-02
23 -1.73516424127528531839992354e-02
24 -1.76426747687047982826591408e-02
25 -1.76162104086775052336211189e-02
26 -1.77486990523967429200791202e-02
27 -1.77326293150118496910749855e-02
28 -1.78868459671151051881832217e-02
29 -1.78046174857070978181372567e-02
30 -1.79876687713554951619787659e-02
31 -1.78898479600170731695918391e-02
32 -1.79443791379444682332344740e-02
33 -1.78882563165934926896483148e-02
34 -1.79110854290195839477739526e-02
35 -1.78704235837600575176331574e-02
36 -1.80011723262149640756302205e-02
37 -1.78729992129650697152420946e-02
38 -1.78861025560887940133447671e-02
39 -1.78380128979388416499141101e-02
40 -1.79015632057845687497010800e-02
41 -1.78223874081027133797761053e-02
42 -1.78805307726281684232993996e-02
43 -1.78222877627168992120676450e-02
44 -1.78599292031981216055669393e-02
45 -1.78122314853135510492876392e-02
46 -1.77724205550113048546201355e-02
47 -1.77546561312516351649470892e-02
48 -1.78368084297887419253925145e-02
49 -1.77536460578752407213354303e-02
50 -1.77586277263459407782519861e-02
51 -1.77448158292925137202722397e-02
52 -1.77713485759477818337614963e-02
53 -1.77293076704935839704724287e-02
54 -1.77578968447340522496258330e-02
55 -1.77200101713546678827704284e-02
56 -1.77417889051161362101716179e-02
57 -1.76904190776703100496103360e-02
58 -1.76629151123442428017451533e-02
59 -1.76846572662010502463569850e-02
60 -1.77354397668948657318388484e-02
61 -1.76643811526376419418493668e-02
62 -1.76332926082486164676144114e-02
63 -1.76221476600880756768763291e-02
64 -1.76248405884350881067668126e-02
65 -1.75951319555586946363767709e-02
66 -1.75995986039628911357102226e-02
67 -1.75954587887908395216207680e-02
68 -1.75774357237720897650934404e-02
69 -1.75378290460231275882385660e-02
70 -1.75141483940205386349298067e-02
71 -1.75260786624022932289612697e-02
72 -1.75489664665036786128649027e-02
73 -1.74830386297378653770451251e-02
74 -1.74588760841863505079984975e-02
75 -1.74682202184063620209464318e-02
76 -1.74700873367476458564162556e-02
77 -1.74705919857693001140397371e-02
78 -1.74577106112501906354239622e-02
79 -1.74554184464011524768878303e-02
80 -1.74496919453384184695021730e-02
81 -1.74264504764490638089036167e-02
82 -1.74300231172628862508222625e-02
83 -1.74688433255828362566930423e-02
84 -1.74829771639316566833599609e-02
85 -1.74553090969508904739537769e-02
86 -1.74403615971013975505243820e-02
87 -1.74632018275031018761378476e-02
88 -1.74643806201703818969939164e-02
89 -1.75070354953756751603677344e-02
90 -1.75099981369992094282217465e-02
91 -1.75063239293711120359020583e-02
92 -1.75092054280997361237481869e-02
93 -1.74963131491895143576620342e-02
94 -1.74918679456935871607825561e-02
95 -1.75370655406623214556116608e-02
96 -1.75162709999840196517517654e-02
