10 -1.71781338551086422590519209e-03
20 -9.20461333449406129969538881e-03
30 -1.14811723363052974045128707e-02
40 -1.22979179929274696353447283e-02
50 -1.26192800181831165512447157e-02
60 -1.27527708454499670576165471e-02
70 -1.28097635499072465270486987e-02
80 -1.28337891313208378452070946e-02
90 -1.28429111369147384846822746e-02
100 -1.28451238565621770476576913e-02
110 -1.28442042302259057384716812e-02
120 -1.28420150895252917211397659e-02
130 -1.28394737035441418998571450e-02
140 -1.28370054929513414954111994e-02
150 -1.28347804077818539170152690e-02
160 -1.28328425115707689396771229e-02
170 -1.28311800389521897536315720e-02
180 -1.28297610400149204867847885e-02
190 -1.28285498497443476578760979e-02
200 -1.28275136511992859239539300e-02
210 -1.28266243996866102089482453e-02
220 -1.28258588357530959461749731e-02
230 -1.28251978607412352173522407e-02
240 -1.28246258022666984738302531e-02
250 -1.28241297534348892145361631e-02
260 -1.28236990289542513582476957e-02
270 -1.28233247318680007587055059e-02
280 -1.28229994117374027084999000e-02
290 -1.28227167949246170786103960e-02
300 -1.28224715708667516556040766e-02
