10 -1.35190746983141992822174959e-03
20 -7.10794295242910597470986644e-03
30 -8.94437545506886894086662210e-03
40 -9.65468102836457980897577613e-03
50 -9.96543566367242075743071439e-03
60 -1.01145483867288738660805691e-02
70 -1.01919738270384932499190711e-02
80 -1.02348908084821214881099394e-02
90 -1.02597276477711073228160643e-02
100 -1.02742940782226815921163166e-02
110 -1.02826632612237969799373616e-02
120 -1.02871827127474051166711178e-02
130 -1.02893160186355459712048699e-02
140 -1.02900124669250310482926380e-02
150 -1.02898895024910244644367197e-02
160 -1.02893395519892301426256864e-02
170 -1.02886021101981587483331637e-02
180 -1.02878154247576670404784593e-02
190 -1.02870534075674251173193596e-02
200 -1.02863510691584524037178738e-02
210 -1.02857212247517339903657430e-02
220 -1.02851649104155739439248052e-02
230 -1.02846775319675384774420479e-02
240 -1.02842522849352011049539612e-02
250 -1.02838819259597862021404779e-02
260 -1.02835596032268498239981014e-02
270 -1.02832791813297543676020140e-02
280 -1.02830353133783729963068865e-02
290 -1.02828233989595580616382975e-02
300 -1.02826394993933388499751658e-02
310 -1.02824802444427248343528092e-02
320 -1.02823427451009963978778572e-02
330 -1.02822245174828373615039112e-02
340 -1.02821234185002316485757490e-02
350 -1.02820375922753858011216010e-02
360 -1.02819654257303005201462653e-02
370 -1.02819055117948886246548312e-02
380 -1.02818566188619692908234882e-02
390 -1.02818176653443702633916601e-02
400 -1.02817876984009990565249737e-02
