10 -9.31695144417700850739127993e-04
20 -4.83783432558376573495717565e-03
30 -6.12767976140457526490479268e-03
40 -6.65401991772666782931633378e-03
50 -6.90206102226729057563803238e-03
60 -7.03325198240477462985342783e-03
70 -7.11025344619037151516760531e-03
80 -7.15981452939159265097535112e-03
90 -7.19409728294075328375312139e-03
100 -7.21895529573186173211141181e-03
110 -7.23742250812014348282374954e-03
120 -7.25124243590664560588088250e-03
130 -7.26154469188006711222183043e-03
140 -7.26914191784821823311135702e-03
150 -7.27465907312991374306099246e-03
160 -7.27859111511307190628405905e-03
170 -7.28133176250326651784972043e-03
180 -7.28319138600005706180029463e-03
190 -7.28441097146908644183183057e-03
200 -7.28517438905562381840086417e-03
210 -7.28561941777246691726022121e-03
220 -7.28584745255537666319689549e-03
230 -7.28593178044416745625655452e-03
240 -7.28592441153144785431772235e-03
250 -7.28586155412305671447148470e-03
260 -7.28576789162023626122977049e-03
270 -7.28565984849858291200197513e-03
280 -7.28554803422942418023033895e-03
290 -7.28543903830568880669593668e-03
300 -7.28533672563272567679337754e-03
310 -7.28524315539886765935584378e-03
320 -7.28515922163431878938455455e-03
330 -7.28508509172365315009756159e-03
340 -7.28502050076642194281761888e-03
350 -7.28496494485717915184919136e-03
360 -7.28491780473441812027157738e-03
370 -7.28487842235232222615204378e-03
380 -7.28484614626367758816183340e-03
390 -7.28482035680559462942351701e-03
400 -7.28480047855054133748575751e-03
410 -7.28478598498907056052464881e-03
420 -7.28477639867871999690418505e-03
430 -7.28477128891519016412603449e-03
440 -7.28477026819615916530814559e-03
450 -7.28477298823552565226746580e-03
460 -7.28477913595928627116249388e-03
470 -7.28478842971128255634472026e-03
480 -7.28480061577523648613796681e-03
490 -7.28481546524862612346229440e-03
500 -7.28483277126538032036906500e-03
510 -7.28485234654473786525263890e-03
520 -7.28487402123533227954466085e-03
530 -7.28489764102145578167357698e-03
540 -7.28492306545952886254191583e-03
550 -7.28495016651559221948497580e-03
560 -7.28497882727768397009837642e-03
570 -7.28500894082029833848102029e-03
580 -7.28504040920113175167083241e-03
590 -7.28507314257297554360714997e-03
600 -7.28510705839601879069133972e-03
