10 -1.10516464572515721483114692e-03
20 -5.76328456489808536866714661e-03
30 -7.28291910547574240092361109e-03
40 -7.89145571236707886464412098e-03
50 -8.17085753946022660954007222e-03
60 -8.31371625510685975657398927e-03
70 -8.39411417295425621443172304e-03
80 -8.44332685154488941925432499e-03
90 -8.47544213417083386330475037e-03
100 -8.49723008439756156973121648e-03
110 -8.51223661003908289857111669e-03
120 -8.52253458717857313720056567e-03
130 -8.52947679112758122554893703e-03
140 -8.53401990891651876514067965e-03
150 -8.53686823031092091584870474e-03
160 -8.53854454075681119917806683e-03
170 -8.53943266408525511468319280e-03
180 -8.53980855126139706823273912e-03
190 -8.53986552096825356217291159e-03
200 -8.53973516652665673443145522e-03
210 -8.53950430365838300539316208e-03
220 -8.53922823247608812902154085e-03
230 -8.53894073394081618011419721e-03
240 -8.53866133971446263084548178e-03
250 -8.53840044485815359565084037e-03
260 -8.53816279143737415224801879e-03
270 -8.53794977035710923873867984e-03
280 -8.53776089593246204079157735e-03
290 -8.53759471991050351846741506e-03
300 -8.53744937721856271550802120e-03
310 -8.53732289704065526458887092e-03
320 -8.53721336902595398510307234e-03
330 -8.53711902313946703613201095e-03
340 -8.53703826012700874026339903e-03
350 -8.53696965523374588780125549e-03
360 -8.53691194857562896114444584e-03
370 -8.53686402978855521372913984e-03
380 -8.53682492108443109757320855e-03
390 -8.53679376079759071049846142e-03
400 -8.53676978835362851305568199e-03
410 -8.53675233097434850437768006e-03
420 -8.53674079212168347707834215e-03
430 -8.53673464154314914908994183e-03
440 -8.53673340673081516849496353e-03
450 -8.53673666560029152650113105e-03
460 -8.53674404021046578927567339e-03
470 -8.53675519136640713335761887e-03
480 -8.53676981397037508425551522e-03
490 -8.53678763300682631742777318e-03
500 -8.53680840006570094968818552e-03
