10 -2.21793434118856477854642151e-03
20 -1.26857180039686191774794821e-02
30 -1.54620875599450081222530073e-02
40 -1.62636609482170006735213263e-02
50 -1.64915879249172454834582169e-02
60 -1.65469766992209811606873160e-02
70 -1.65518164675271563235359196e-02
80 -1.65434627675695063164784671e-02
90 -1.65330498170894006626507888e-02
100 -1.65236051679412479509245770e-02
110 -1.65157007688295741354433943e-02
120 -1.65092239709200699904201315e-02
130 -1.65039233190124833006162675e-02
140 -1.64995615868851058793964626e-02
150 -1.64959467079742946871157017e-02
160 -1.64929292719456430105218203e-02
170 -1.64903937141644002517537615e-02
180 -1.64882501907507583727152678e-02
190 -1.64864282860675143149720157e-02
200 -1.64848723326205849615266885e-02
