10 -6.62957023075144355472865243e-03
12 -8.65474912498326483245580931e-03
14 -1.05496948311948370025081800e-02
16 -1.22200168547203884272800423e-02
18 -1.36174282791022074889930593e-02
20 -1.47333372210216514974767676e-02
22 -1.55878599381231476572740036e-02
24 -1.62178643698924172811270950e-02
26 -1.66666476289132267640802354e-02
28 -1.69765350001774943666799089e-02
30 -1.71845581406245596911563922e-02
32 -1.73206676089147394714817807e-02
34 -1.74076668095684249093491047e-02
36 -1.74620943467189773667946895e-02
38 -1.74954729053613845801695703e-02
40 -1.75155628807025474935610276e-02
42 -1.75274406151811959486686021e-02
44 -1.75343428694794897793052257e-02
46 -1.75382866762625912182560484e-02
48 -1.75405028174644671279391872e-02
50 -1.75417276359630600057748495e-02
52 -1.75423934242654455673005032e-02
54 -1.75427493533242967460594741e-02
56 -1.75429364693464526214761179e-02
58 -1.75430331918237994437426153e-02
60 -1.75430823456300018226006188e-02
62 -1.75431069008161501232567758e-02
64 -1.75431189575344127773437464e-02
66 -1.75431247753478000706017781e-02
68 -1.75431275339074967123398352e-02
70 -1.75431288190358580791894383e-02
72 -1.75431294072078587664709204e-02
74 -1.75431296716378574973571602e-02
76 -1.75431297884056404401409424e-02
78 -1.75431298390465069403365561e-02
80 -1.75431298606143724894135261e-02
82 -1.75431298696343586362988987e-02
84 -1.75431298733382950993942018e-02
86 -1.75431298748316005786662686e-02
88 -1.75431298754226590308480382e-02
90 -1.75431298756523190718326077e-02
92 -1.75431298757399121990285806e-02
94 -1.75431298757727054116184462e-02
96 -1.75431298757847582703295330e-02
98 -1.75431298757891054873603309e-02
100 -1.75431298757906424523600464e-02
102 -1.75431298757911767471906472e-02
104 -1.75431298757913571584321488e-02
106 -1.75431298757914196084772840e-02
108 -1.75431298757914404251589957e-02
110 -1.75431298757914473640528996e-02
112 -1.75431298757914473640528996e-02
114 -1.75431298757914473640528996e-02
116 -1.75431298757914508334998516e-02
118 -1.75431298757914508334998516e-02
120 -1.75431298757914473640528996e-02
122 -1.75431298757914508334998516e-02
124 -1.75431298757914508334998516e-02
126 -1.75431298757914508334998516e-02
128 -1.75431298757914508334998516e-02
130 -1.75431298757914508334998516e-02
132 -1.75431298757914508334998516e-02
134 -1.75431298757914508334998516e-02
136 -1.75431298757914473640528996e-02
138 -1.75431298757914473640528996e-02
140 -1.75431298757914473640528996e-02
142 -1.75431298757914508334998516e-02
144 -1.75431298757914508334998516e-02
146 -1.75431298757914508334998516e-02
148 -1.75431298757914508334998516e-02
150 -1.75431298757914508334998516e-02
152 -1.75431298757914508334998516e-02
154 -1.75431298757914508334998516e-02
156 -1.75431298757914508334998516e-02
158 -1.75431298757914508334998516e-02
160 -1.75431298757914508334998516e-02
162 -1.75431298757914508334998516e-02
164 -1.75431298757914508334998516e-02
166 -1.75431298757914508334998516e-02
168 -1.75431298757914473640528996e-02
170 -1.75431298757914508334998516e-02
172 -1.75431298757914508334998516e-02
174 -1.75431298757914508334998516e-02
176 -1.75431298757914508334998516e-02
178 -1.75431298757914508334998516e-02
180 -1.75431298757914508334998516e-02
182 -1.75431298757914508334998516e-02
184 -1.75431298757914508334998516e-02
186 -1.75431298757914508334998516e-02
188 -1.75431298757914508334998516e-02
190 -1.75431298757914508334998516e-02
192 -1.75431298757914508334998516e-02
