10 -6.62957023075144268736691444e-03
11 -7.65071918669825781766924422e-03
12 -8.65474912498327177134971322e-03
13 -9.62550771091532329781781385e-03
14 -1.05496948311948439414020839e-02
15 -1.14169891288369417664538830e-02
16 -1.22200168547203918967269942e-02
17 -1.29541878041023132001052787e-02
18 -1.36174282791022144278869632e-02
19 -1.42098430182642336550014051e-02
20 -1.47333372210216532322002436e-02
21 -1.51912267432362749902674537e-02
22 -1.55878599381231528614444315e-02
23 -1.59282691692225024382434384e-02
24 -1.62178643698924242200209989e-02
25 -1.64621756898675891678252015e-02
26 -1.66666476289132302335271874e-02
27 -1.68364833327436271004362567e-02
28 -1.69765350001775013055738128e-02
29 -1.70912345930033099383749118e-02
30 -1.71845581406245631606033442e-02
31 -1.72600167318337945066009098e-02
32 -1.73206676089147429409287327e-02
33 -1.73691394518231262411589455e-02
34 -1.74076668095684318482430086e-02
35 -1.74381295780877895729155114e-02
36 -1.74620943467189843056885934e-02
37 -1.74808552772543757125589536e-02
38 -1.74954729053613880496165223e-02
39 -1.75068098497311724903724439e-02
40 -1.75155628807025509630079796e-02
41 -1.75222911482194459997785430e-02
42 -1.75274406151812063570094580e-02
43 -1.75313649049809762436868965e-02
44 -1.75343428694794932487521777e-02
45 -1.75365932323071523069035749e-02
46 -1.75382866762625981571499523e-02
47 -1.75395557340491253794922955e-02
48 -1.75405028174644705973861392e-02
49 -1.75412066879711524280960333e-02
50 -1.75417276359630530668809456e-02
51 -1.75421116001470700496156496e-02
52 -1.75423934242653761783614641e-02
53 -1.75425994170437977992538237e-02
54 -1.75427493533238873513191436e-02
55 -1.75428580299799678765548805e-02
56 -1.75429364693443015643659066e-02
57 -1.75429928452182602727216221e-02
58 -1.75430331918132176305391567e-02
59 -1.75430619437881019084812806e-02
60 -1.75430823455807981259280126e-02
61 -1.75430967601347582995874319e-02
62 -1.75431069005990841747077980e-02
63 -1.75431140033614797746341907e-02
64 -1.75431189566254731870831307e-02
65 -1.75431223954675523379886926e-02
66 -1.75431247717352453707739812e-02
67 -1.75431264051341892495905483e-02
68 -1.75431275202789435652128702e-02
69 -1.75431282732511593935864624e-02
70 -1.75431287702335035605383240e-02
71 -1.75431290799948000347363575e-02
72 -1.75431292413252941375656491e-02
73 -1.75431292658972982911880223e-02
74 -1.75431291363939562133467120e-02
75 -1.75431287990435863521909710e-02
76 -1.75431281488521093048227328e-02
77 -1.75431270047734788608551071e-02
78 -1.75431250707323987958474731e-02
79 -1.75431218767607040309730593e-02
80 -1.75431166924991388533783265e-02
81 -1.75431084029662245904468421e-02
82 -1.75430953338902365090667956e-02
83 -1.75430750112251024330767279e-02
84 -1.75430438370413645243761636e-02
85 -1.75429966622685819255256234e-02
86 -1.75429262364031925136576007e-02
87 -1.75428225160734890808456043e-02
88 -1.75426718191675386215866439e-02
89 -1.75424558199868164953816319e-02
90 -1.75421503943661849511670425e-02
91 -1.75417243423547572489518132e-02
92 -1.75411380397937285979814703e-02
93 -1.75403420980903973491749070e-02
94 -1.75392761418387971295018701e-02
95 -1.75378678437635958375917511e-02
96 -1.75360323818178967525405199e-02
