10 -6.62957023075143835055822450e-03
12 -8.65474912498326830190276127e-03
14 -1.05496948311948387372316560e-02
16 -1.22200168547203884272800423e-02
18 -1.36174282791022092237165353e-02
20 -1.47333372210216549669237196e-02
22 -1.55878599381231511267209555e-02
24 -1.62178643698924242200209989e-02
26 -1.66666476289132302335271874e-02
28 -1.69765350001775013055738128e-02
30 -1.71845581406245631606033442e-02
32 -1.73206676089147429409287327e-02
34 -1.74076668095684283787960567e-02
36 -1.74620943467189843056885934e-02
38 -1.74954729053613880496165223e-02
40 -1.75155628807025509630079796e-02
42 -1.75274406151812028875625060e-02
44 -1.75343428694794932487521777e-02
46 -1.75382866762625946877030003e-02
48 -1.75405028174644705973861392e-02
50 -1.75417276359630634752218015e-02
52 -1.75423934242654455673005032e-02
54 -1.75427493533243071544003300e-02
56 -1.75429364693464560909230698e-02
58 -1.75430331918238098520834711e-02
60 -1.75430823456300052920475707e-02
62 -1.75431069008161605315976317e-02
64 -1.75431189575344127773437464e-02
66 -1.75431247753478070094956820e-02
68 -1.75431275339075001817867872e-02
70 -1.75431288190358580791894383e-02
72 -1.75431294072078657053648243e-02
74 -1.75431296716378644362510641e-02
76 -1.75431297884056473790348463e-02
78 -1.75431298390465104097835081e-02
80 -1.75431298606143794283074300e-02
82 -1.75431298696343621057458506e-02
84 -1.75431298733382985688411537e-02
86 -1.75431298748316040481132205e-02
88 -1.75431298754226659697419421e-02
90 -1.75431298756523225412795597e-02
92 -1.75431298757399156684755326e-02
94 -1.75431298757727123505123501e-02
96 -1.75431298757847652092234370e-02
98 -1.75431298757891089568072829e-02
100 -1.75431298757906459218069983e-02
102 -1.75431298757911836860845511e-02
104 -1.75431298757913640973260527e-02
106 -1.75431298757914265473711879e-02
108 -1.75431298757914473640528996e-02
110 -1.75431298757914508334998516e-02
112 -1.75431298757914543029468035e-02
114 -1.75431298757914543029468035e-02
116 -1.75431298757914543029468035e-02
118 -1.75431298757914543029468035e-02
120 -1.75431298757914543029468035e-02
122 -1.75431298757914543029468035e-02
124 -1.75431298757914543029468035e-02
126 -1.75431298757914543029468035e-02
128 -1.75431298757914543029468035e-02
130 -1.75431298757914543029468035e-02
132 -1.75431298757914543029468035e-02
134 -1.75431298757914543029468035e-02
136 -1.75431298757914543029468035e-02
138 -1.75431298757914543029468035e-02
140 -1.75431298757914543029468035e-02
142 -1.75431298757914473640528996e-02
144 -1.75431298757913987917955723e-02
146 -1.75431298757911698082967433e-02
148 -1.75431298757900214213556467e-02
150 -1.75431298757845986757697432e-02
152 -1.75431298757604270388554824e-02
154 -1.75431298756584252984680461e-02
156 -1.75431298752509734484306136e-02
158 -1.75431298737103308349460917e-02
160 -1.75431298681963075691836451e-02
162 -1.75431298495162084349896503e-02
164 -1.75431297896157835369823630e-02
166 -1.75431296078049185627190099e-02
168 -1.75431290854722934935416845e-02
170 -1.75431276650732867472548548e-02
172 -1.75431240090574598611272705e-02
174 -1.75431151019029597792897590e-02
176 -1.75430945618324923840347651e-02
178 -1.75430497290374846908189710e-02
180 -1.75429571058638537894847076e-02
182 -1.75427759832955491858808017e-02
184 -1.75424407449021706184577596e-02
186 -1.75418534415175721152824195e-02
188 -1.75408795777325342279961973e-02
190 -1.75393510955942216744674056e-02
192 -1.75370804543085977156291477e-02
