10 -6.62957023075145222834603231e-03
11 -7.65071918669826041975445818e-03
12 -8.65474912498326830190276127e-03
13 -9.62550771091532503254128983e-03
14 -1.05496948311948474108490359e-02
15 -1.14169891288369469706243109e-02
16 -1.22200168547203971008974221e-02
17 -1.29541878041023201389991826e-02
18 -1.36174282791022161626104392e-02
19 -1.42098430182642336550014051e-02
20 -1.47333372210216584363706716e-02
21 -1.51912267432362749902674537e-02
22 -1.55878599381231563308913834e-02
23 -1.59282691692225059076903904e-02
24 -1.62178643698924276894679508e-02
25 -1.64621756898675926372721534e-02
26 -1.66666476289132371724210913e-02
27 -1.68364833327436305698832086e-02
28 -1.69765350001775047750207648e-02
29 -1.70912345930033099383749118e-02
30 -1.71845581406245666300502961e-02
31 -1.72600167318337979760478618e-02
32 -1.73206676089147464103756846e-02
33 -1.73691394518231297106058975e-02
34 -1.74076668095684353176899606e-02
35 -1.74381295780877895729155114e-02
36 -1.74620943467189877751355453e-02
37 -1.74808552772543757125589536e-02
38 -1.74954729053613915190634742e-02
39 -1.75068098497311794292663478e-02
40 -1.75155628807025544324549315e-02
41 -1.75222911482194494692254949e-02
42 -1.75274406151812098264564099e-02
43 -1.75313649049809797131338485e-02
44 -1.75343428694794967181991296e-02
45 -1.75365932323071557763505268e-02
46 -1.75382866762626016265969042e-02
47 -1.75395557340491253794922955e-02
48 -1.75405028174644740668330911e-02
49 -1.75412066879711593669899372e-02
50 -1.75417276359630669446687534e-02
51 -1.75421116001471047440851692e-02
52 -1.75423934242654525061944071e-02
53 -1.75425994170439816799422772e-02
54 -1.75427493533243071544003300e-02
55 -1.75428580299809254439136197e-02
56 -1.75429364693464630298169737e-02
57 -1.75429928452230793345378856e-02
58 -1.75430331918238098520834711e-02
59 -1.75430619438110835250910213e-02
60 -1.75430823456300157003884266e-02
61 -1.75430967602387896664417610e-02
62 -1.75431069008161640010445836e-02
63 -1.75431140038085804644385490e-02
64 -1.75431189575344197162376503e-02
65 -1.75431223972914718256532751e-02
66 -1.75431247753478104789426339e-02
67 -1.75431264121967758762288270e-02
68 -1.75431275339075036512337391e-02
69 -1.75431282992094018935436139e-02
70 -1.75431288190358650180833422e-02
71 -1.75431291705573227934777947e-02
72 -1.75431294072078726442587282e-02
73 -1.75431295658139765891725403e-02
74 -1.75431296716378713751449681e-02
75 -1.75431297419279055849195004e-02
76 -1.75431297884056473790348463e-02
77 -1.75431298189994006042624619e-02
78 -1.75431298390465173486774120e-02
79 -1.75431298521232167941796831e-02
80 -1.75431298606143863672013339e-02
81 -1.75431298661028953200791136e-02
82 -1.75431298696343725140867065e-02
83 -1.75431298718962437599433457e-02
84 -1.75431298733383159160759135e-02
85 -1.75431298742534970414030937e-02
86 -1.75431298748316352731357881e-02
87 -1.75431298751951812719962476e-02
88 -1.75431298754227457670218371e-02
89 -1.75431298755645490028420852e-02
90 -1.75431298756525272386497249e-02
91 -1.75431298757069177585155018e-02
92 -1.75431298757404603716469893e-02
93 -1.75431298757611729699501524e-02
94 -1.75431298757741105376339874e-02
95 -1.75431298757824649658942917e-02
96 -1.75431298757883318006900453e-02
