10 -6.62957023075144528945212841e-03
12 -8.65474912498326309773233334e-03
14 -1.05496948311948335330612281e-02
16 -1.22200168547203884272800423e-02
18 -1.36174282791022057542695833e-02
20 -1.47333372210216514974767676e-02
22 -1.55878599381231459225505276e-02
24 -1.62178643698924207505740469e-02
26 -1.66666476289132232946332834e-02
28 -1.69765350001774978361268609e-02
30 -1.71845581406245596911563922e-02
32 -1.73206676089147360020348287e-02
34 -1.74076668095684214399021528e-02
36 -1.74620943467189808362416414e-02
38 -1.74954729053613845801695703e-02
40 -1.75155628807025440241140757e-02
42 -1.75274406151811959486686021e-02
44 -1.75343428694794897793052257e-02
46 -1.75382866762625946877030003e-02
48 -1.75405028174644636584922353e-02
50 -1.75417276359630565363278976e-02
52 -1.75423934242654455673005032e-02
54 -1.75427493533242967460594741e-02
56 -1.75429364693464526214761179e-02
58 -1.75430331918237994437426153e-02
60 -1.75430823456299983531536668e-02
62 -1.75431069008161535927037278e-02
64 -1.75431189575344093078967944e-02
66 -1.75431247753478035400487300e-02
68 -1.75431275339074932428928832e-02
70 -1.75431288190358546097424863e-02
72 -1.75431294072078587664709204e-02
74 -1.75431296716378609668041122e-02
76 -1.75431297884056369706939904e-02
78 -1.75431298390465034708896042e-02
80 -1.75431298606143724894135261e-02
82 -1.75431298696343551668519467e-02
84 -1.75431298733382950993942018e-02
86 -1.75431298748316005786662686e-02
88 -1.75431298754226555614010863e-02
90 -1.75431298756523190718326077e-02
92 -1.75431298757399156684755326e-02
94 -1.75431298757727088810653981e-02
96 -1.75431298757847582703295330e-02
98 -1.75431298757891054873603309e-02
100 -1.75431298757906424523600464e-02
102 -1.75431298757911802166375992e-02
104 -1.75431298757913571584321488e-02
106 -1.75431298757914196084772840e-02
108 -1.75431298757914404251589957e-02
110 -1.75431298757914438946059477e-02
112 -1.75431298757914508334998516e-02
114 -1.75431298757914508334998516e-02
116 -1.75431298757914508334998516e-02
118 -1.75431298757914508334998516e-02
120 -1.75431298757914508334998516e-02
122 -1.75431298757914508334998516e-02
124 -1.75431298757914508334998516e-02
126 -1.75431298757914508334998516e-02
128 -1.75431298757914473640528996e-02
130 -1.75431298757914508334998516e-02
132 -1.75431298757914508334998516e-02
134 -1.75431298757914508334998516e-02
136 -1.75431298757914508334998516e-02
138 -1.75431298757914508334998516e-02
140 -1.75431298757914473640528996e-02
142 -1.75431298757914508334998516e-02
144 -1.75431298757914508334998516e-02
146 -1.75431298757914508334998516e-02
148 -1.75431298757914508334998516e-02
150 -1.75431298757914508334998516e-02
152 -1.75431298757914508334998516e-02
154 -1.75431298757914508334998516e-02
156 -1.75431298757914508334998516e-02
158 -1.75431298757914508334998516e-02
160 -1.75431298757914508334998516e-02
162 -1.75431298757914508334998516e-02
164 -1.75431298757914508334998516e-02
166 -1.75431298757914508334998516e-02
168 -1.75431298757914508334998516e-02
170 -1.75431298757914508334998516e-02
172 -1.75431298757914508334998516e-02
174 -1.75431298757914508334998516e-02
176 -1.75431298757914508334998516e-02
178 -1.75431298757914508334998516e-02
180 -1.75431298757914473640528996e-02
182 -1.75431298757914508334998516e-02
184 -1.75431298757914508334998516e-02
186 -1.75431298757914508334998516e-02
188 -1.75431298757914508334998516e-02
190 -1.75431298757914508334998516e-02
192 -1.75431298757914508334998516e-02
