10 -6.62957023075143661583474852e-03
12 -8.65474912498325789356190541e-03
14 -1.05496948311948335330612281e-02
16 -1.22200168547203814883861384e-02
18 -1.36174282791022005500991554e-02
20 -1.47333372210216445585828637e-02
22 -1.55878599381231372489331477e-02
24 -1.62178643698924138116801430e-02
26 -1.66666476289132163557393795e-02
28 -1.69765350001774874277860050e-02
30 -1.71845581406245492828155363e-02
32 -1.73206676089147290631409248e-02
34 -1.74076668095684145010082489e-02
36 -1.74620943467189704279007856e-02
38 -1.74954729053613776412756664e-02
40 -1.75155628807025336157732198e-02
42 -1.75274406151811890097746982e-02
44 -1.75343428694794793709643699e-02
46 -1.75382866762625842793621445e-02
48 -1.75405028174644567195983313e-02
50 -1.75417276359630495974339937e-02
52 -1.75423934242654351589596473e-02
54 -1.75427493533242898071655702e-02
56 -1.75429364693464456825822140e-02
58 -1.75430331918237925048487114e-02
60 -1.75430823456299914142597629e-02
62 -1.75431069008161466538098239e-02
64 -1.75431189575344058384498425e-02
66 -1.75431247753477931317078742e-02
68 -1.75431275339074863039989793e-02
70 -1.75431288190358476708485824e-02
72 -1.75431294072078518275770165e-02
74 -1.75431296716378470890163044e-02
76 -1.75431297884056300318000865e-02
78 -1.75431298390464965319957003e-02
80 -1.75431298606143655505196222e-02
82 -1.75431298696343482279580428e-02
84 -1.75431298733382881605002979e-02
86 -1.75431298748315901703254127e-02
88 -1.75431298754226486225071824e-02
90 -1.75431298756523121329387038e-02
92 -1.75431298757399052601346767e-02
94 -1.75431298757727019421714942e-02
96 -1.75431298757847513314356291e-02
98 -1.75431298757890985484664270e-02
100 -1.75431298757906355134661425e-02
102 -1.75431298757911663388497914e-02
104 -1.75431298757913502195382449e-02
106 -1.75431298757914126695833801e-02
108 -1.75431298757914334862650918e-02
110 -1.75431298757914369557120438e-02
112 -1.75431298757914404251589957e-02
114 -1.75431298757914404251589957e-02
116 -1.75431298757914404251589957e-02
118 -1.75431298757914404251589957e-02
120 -1.75431298757914404251589957e-02
122 -1.75431298757914404251589957e-02
124 -1.75431298757914404251589957e-02
126 -1.75431298757914404251589957e-02
128 -1.75431298757914404251589957e-02
130 -1.75431298757914369557120438e-02
132 -1.75431298757914404251589957e-02
134 -1.75431298757914404251589957e-02
136 -1.75431298757914404251589957e-02
138 -1.75431298757914404251589957e-02
140 -1.75431298757914404251589957e-02
142 -1.75431298757914369557120438e-02
144 -1.75431298757914404251589957e-02
146 -1.75431298757914404251589957e-02
148 -1.75431298757914369557120438e-02
150 -1.75431298757914404251589957e-02
152 -1.75431298757914404251589957e-02
154 -1.75431298757914369557120438e-02
156 -1.75431298757914369557120438e-02
158 -1.75431298757914404251589957e-02
160 -1.75431298757914404251589957e-02
162 -1.75431298757914404251589957e-02
164 -1.75431298757914404251589957e-02
166 -1.75431298757914404251589957e-02
168 -1.75431298757914404251589957e-02
170 -1.75431298757914369557120438e-02
172 -1.75431298757914404251589957e-02
174 -1.75431298757914404251589957e-02
176 -1.75431298757914404251589957e-02
178 -1.75431298757914369557120438e-02
180 -1.75431298757914369557120438e-02
182 -1.75431298757914404251589957e-02
184 -1.75431298757914404251589957e-02
186 -1.75431298757914369557120438e-02
188 -1.75431298757914404251589957e-02
190 -1.75431298757914404251589957e-02
192 -1.75431298757914404251589957e-02
