10 -4.89956538454290862344420177e-03
20 -1.19837123533546707071506532e-02
30 -1.53381216594586592544269266e-02
40 -1.64376878595730371857008834e-02
50 -1.67756214464022321286584827e-02
60 -1.68779779560724700615548244e-02
70 -1.69078889289933746720162588e-02
80 -1.69161414335530745078894910e-02
90 -1.69181824071112200946753745e-02
100 -1.69155969632047639694683028e-02
110 -1.68799656326028592323584832e-02
120 -1.67566689934266800643403172e-02
130 -1.66246778101118014570047876e-02
140 -1.65786334980650984505246015e-02
150 -1.65716844935200474653314018e-02
160 -1.65572873365380582311168212e-02
170 -1.65087673799071583957687182e-02
180 -1.64577970407517280848619379e-02
190 -1.64408045223785222177514953e-02
200 -1.64388634055067026085161785e-02
