10 -3.47113622813961363727797149e-03
20 -8.65869860594353085714303120e-03
30 -1.13510679600390546051258411e-02
40 -1.24078823044664939695413963e-02
50 -1.28316257364031148513472402e-02
60 -1.30118515233328940067236701e-02
70 -1.30911540682317473205387159e-02
80 -1.31264551842229897082869883e-02
90 -1.31420531444630481893165452e-02
100 -1.31466946429038642613074117e-02
110 -1.31234969667051726283091284e-02
120 -1.30305286116836928356210734e-02
130 -1.29217262340734998643521081e-02
140 -1.28770139293271721619982273e-02
150 -1.28685809408317329560755837e-02
160 -1.28576216681270082131671728e-02
170 -1.28189831318494262824003727e-02
180 -1.27737845260191707624786162e-02
190 -1.27551074908086713860511097e-02
200 -1.27516576456779655301954080e-02
210 -1.27512451269129398201407355e-02
220 -1.27509189822285727566875124e-02
230 -1.27470074220514401064363597e-02
240 -1.27319240471372181061626705e-02
250 -1.27129894069500926079285819e-02
260 -1.26976066406392570917738283e-02
270 -1.26714874472407430794351768e-02
280 -1.26466130396381496586721838e-02
290 -1.26380911098398981962098730e-02
300 -1.26368324771312760812502773e-02
