10 -2.65762776215731563733690734e-03
20 -6.67626629165427726286807797e-03
30 -8.83145932092602170548900631e-03
40 -9.73349433524084775570806016e-03
50 -1.01308540939489006432738805e-02
60 -1.03213692207574595643970738e-02
70 -1.04182195941572523084639457e-02
80 -1.04692540126550600459998108e-02
90 -1.04966543778890648852542000e-02
100 -1.05098592276665400019330932e-02
110 -1.04976500995387408282644159e-02
120 -1.04273782368823984129102556e-02
130 -1.03397660813583404382232089e-02
140 -1.03010766552484502728281868e-02
150 -1.02935480468332868353442677e-02
160 -1.02858646721003012258766063e-02
170 -1.02557398868009155140645916e-02
180 -1.02178641278750440002376365e-02
190 -1.02002797619436882947674405e-02
200 -1.01962419143407645449883603e-02
210 -1.01956993312246162186607279e-02
220 -1.01955584974088540872738662e-02
230 -1.01925343309593550295000242e-02
240 -1.01799918392183157134223137e-02
250 -1.01631134258846917567398194e-02
260 -1.01487923304515240130463383e-02
270 -1.01256430920341564810849277e-02
280 -1.01022991305122680077976938e-02
290 -1.00926649798058157975200189e-02
300 -1.00904698344581357505322927e-02
310 -1.00900326952460782370391001e-02
320 -1.00898371224063844453500138e-02
330 -1.00884229031690201422444275e-02
340 -1.00830954368340153931571379e-02
350 -1.00756994363515595125591062e-02
360 -1.00684746118832810224397178e-02
370 -1.00603408257127751451731612e-02
380 -1.00499917053708393011035582e-02
390 -1.00401099466724905845405047e-02
400 -1.00359814351249788250131090e-02
