10 -2.14627431084028416630182790e-03
20 -5.40944068092657180668592076e-03
30 -7.18643916600815880341146524e-03
40 -7.95275729870544186017600197e-03
50 -8.30541667890392562578760760e-03
60 -8.48417281335515395535029626e-03
70 -8.58134508389092436064782277e-03
80 -8.63672006867186557721449702e-03
90 -8.66925155893946003393679689e-03
100 -8.68743196636806262744823215e-03
110 -8.68278722024915482202711559e-03
120 -8.62868998942757647885315464e-03
130 -8.55773522406439758614116187e-03
140 -8.52564509802686450179454170e-03
150 -8.52002357563948209406845535e-03
160 -8.51522912034370985101539020e-03
170 -8.49188412199756992304600089e-03
180 -8.46088070497223905530592702e-03
190 -8.44584770713137540643078438e-03
200 -8.44238877877139318184340766e-03
210 -8.44228525178019467700707423e-03
220 -8.44267128566015580271031382e-03
230 -8.44061594814719123869295458e-03
240 -8.43032421206856702466936326e-03
250 -8.41566627677396358886419137e-03
260 -8.40273140926500218539363374e-03
270 -8.38226859160937955162129498e-03
280 -8.36092615074408330999577998e-03
290 -8.35101384034808540135497168e-03
300 -8.34811554342352636626234386e-03
310 -8.34732282282014959040594704e-03
320 -8.34702913485785985558962352e-03
330 -8.34581178200441246850527222e-03
340 -8.34119850950671565259497697e-03
350 -8.33450131533491726798512644e-03
360 -8.32774474915731061086532350e-03
370 -8.32013333953935708964255724e-03
380 -8.31053004295244715504686894e-03
390 -8.30107315036111501060922535e-03
400 -8.29657080577937688925516113e-03
410 -8.29527770274742469458484351e-03
420 -8.29433372193296922225691503e-03
430 -8.29074445467880422055984013e-03
440 -8.28443793305840697760444868e-03
450 -8.28039506481833068041176205e-03
460 -8.27913517642642204918956850e-03
470 -8.27841538568215538906880369e-03
480 -8.27635752122676815467627875e-03
490 -8.27212661273892327362666776e-03
500 -8.26632230734107055492021487e-03
