10 -1.79770988764537558747547141e-03
20 -4.53905500642485994905461766e-03
30 -6.04438762041924204648779551e-03
40 -6.70421453734725263789995253e-03
50 -7.01517813259055524055529673e-03
60 -7.17764298196477829039352514e-03
70 -7.26923904969975498424616944e-03
80 -7.32370802382201115804383207e-03
90 -7.35731108994104078535603009e-03
100 -7.37748919739111917032170496e-03
110 -7.37736013939333922645458230e-03
120 -7.33444906522023876149773969e-03
130 -7.27586667982639979240788719e-03
140 -7.24934333305054037777104270e-03
150 -7.24556053422671306196711782e-03
160 -7.24299733379168454716623415e-03
170 -7.22476356316653113565084965e-03
180 -7.19941187370023213260017414e-03
190 -7.18712050601675710853610823e-03
200 -7.18474937130881338015475635e-03
210 -7.18542364478193598675836995e-03
220 -7.18656891086025175624518724e-03
230 -7.18556710295783357400623004e-03
240 -7.17731242632758080490784636e-03
250 -7.16483502331829655296324688e-03
260 -7.15346705269673081850623220e-03
270 -7.13547297441202363343926152e-03
280 -7.11625208641444417095867081e-03
290 -7.10666188897106972793826785e-03
300 -7.10344973089064354171418003e-03
310 -7.10243410973628291199544194e-03
320 -7.10207910370969086599757247e-03
330 -7.10103508940765522361449058e-03
340 -7.09703919694228049092066257e-03
350 -7.09104620552761764906701814e-03
360 -7.08483345004263555255707985e-03
370 -7.07778826567296778793370038e-03
380 -7.06892668662751320896031615e-03
390 -7.06001496732744805023829215e-03
400 -7.05536991904850280254990480e-03
410 -7.05375519085919833184306071e-03
420 -7.05268993343431075532246055e-03
430 -7.04943166485022705558538547e-03
440 -7.04366810544359862183982912e-03
450 -7.03969348607789719568517128e-03
460 -7.03822569217156957660508354e-03
470 -7.03739967132898779772487430e-03
480 -7.03548971960577407963599583e-03
490 -7.03162323691380788254212675e-03
500 -7.02622409217320675195450619e-03
510 -7.02125204344234647019229456e-03
520 -7.01801124429386399827812681e-03
530 -7.01569986859906617737703272e-03
540 -7.01242631956296071787937407e-03
550 -7.00947877370896796356269931e-03
560 -7.00824387671530098925520846e-03
570 -7.00788516990793249744617910e-03
580 -7.00773481227508210356091922e-03
590 -7.00708168705662000352862862e-03
600 -7.00427188884340974628361920e-03
