10 -1.22787843624791587204825305e-02
12 -1.34739378806462417603739823e-02
14 -1.45198968374397902741934629e-02
16 -1.54411411437689223558056284e-02
18 -1.61311087475098681454088734e-02
20 -1.67620023421320187007044211e-02
22 -1.71733743928811945222978608e-02
24 -1.75420133679971106122064128e-02
26 -1.76819067193536016979749093e-02
28 -1.78175991352157586655735599e-02
30 -1.79067840820167911708438169e-02
32 -1.79995544675724296335150854e-02
34 -1.79600183705102660336461184e-02
36 -1.78763375164571504394306345e-02
38 -1.78824134025376106638116624e-02
40 -1.78345208992395296010435857e-02
42 -1.77960653600334958723827583e-02
44 -1.77804323820654405774455142e-02
46 -1.77713763177618951083491794e-02
48 -1.77764011295332216566755790e-02
50 -1.77116685276870883258837353e-02
52 -1.77420169330326921164342480e-02
54 -1.77000152094702253857683161e-02
56 -1.77282493241391753135971499e-02
58 -1.77154622418101911907051260e-02
60 -1.77120269328109973538953881e-02
62 -1.76489718270978132586002118e-02
64 -1.77415335449451691540723175e-02
66 -1.76284290924095463082288404e-02
68 -1.76437552875383235617690048e-02
70 -1.76194769215954130658907673e-02
72 -1.75875599374524550777554310e-02
74 -1.75394650734754069254517361e-02
76 -1.75195701503949342880961382e-02
78 -1.74951925267570577993136993e-02
80 -1.74741315784170299363342593e-02
82 -1.74755333492817160889742922e-02
84 -1.74531365583595679535910961e-02
86 -1.74503865218576144358042512e-02
88 -1.74419433156454764533016544e-02
90 -1.74898192334965660310608371e-02
92 -1.74517455781193937813799977e-02
94 -1.74797082681406729109951925e-02
96 -1.75251931863219176377377551e-02
