10 -3.09601820660121117290142223e-02
12 -2.73619151525445643280409769e-02
14 -2.51937491602126535650274519e-02
16 -2.35537372163608198227802148e-02
18 -2.23262921811219379464308332e-02
20 -2.16019655397993205758755408e-02
22 -2.08963839893171118844428236e-02
24 -2.03548801566065182266918043e-02
26 -2.00943185573805270516256627e-02
28 -1.96352814573703543521432380e-02
30 -1.94703980340564311579676371e-02
32 -1.90890216110854195330492900e-02
34 -1.90689338890639992207809428e-02
36 -1.86626078539243109299938794e-02
38 -1.85360329360853282043564150e-02
40 -1.83705595018393216810714819e-02
42 -1.81749960528400852921571129e-02
44 -1.80251394225583345953811687e-02
46 -1.78389710083786331984434526e-02
48 -1.77664091901119196303948655e-02
50 -1.76294092168905944251200424e-02
52 -1.75269186728490254656431802e-02
54 -1.73650126251209679928422247e-02
56 -1.72835644434614840725394913e-02
58 -1.71878630766869253121420513e-02
60 -1.71808324320205860202825932e-02
62 -1.70663054462313230896786109e-02
64 -1.71085464121924421543319284e-02
