10 -7.05411268163608153221322272e-04
12 -6.13728191882928833522647949e-03
14 -9.85224888448814860308910824e-03
16 -1.23771965846135555133766815e-02
18 -1.40800776231819451539406529e-02
20 -1.52178919897720393850093501e-02
22 -1.59697999788368377727110214e-02
24 -1.64602159584083251875341602e-02
26 -1.67750482536249828635632753e-02
28 -1.69731843743202055752039570e-02
30 -1.70946369337866173332418640e-02
32 -1.71663209409306065367228911e-02
34 -1.72061394530281519532621815e-02
36 -1.72258570080124004397781334e-02
38 -1.72331045910669305998297318e-02
40 -1.72327647201912931285150421e-02
42 -1.72279171224249370852898977e-02
44 -1.72204759240502727757338164e-02
46 -1.72116128463437323414808588e-02
48 -1.72020339961314570886852238e-02
50 -1.71921580155157890934525255e-02
52 -1.71822288564400411925436885e-02
54 -1.71723859698583863897525248e-02
56 -1.71627072465275407053830747e-02
58 -1.71532348388160754693032573e-02
60 -1.71439904248701230349283264e-02
62 -1.71349840819109457135116514e-02
64 -1.71262193623726924340822109e-02
