10 -2.64536940247343220489195659e-02
12 -2.36084858580134504535408269e-02
14 -2.15738272555027719989961810e-02
16 -2.02509137711371460521814214e-02
18 -1.93274022040610810035943246e-02
20 -1.88602849022193042038963995e-02
22 -1.85131297684134193959337722e-02
24 -1.83825899054247746122747742e-02
26 -1.81835852263445806042962971e-02
28 -1.80732487558859372667185994e-02
30 -1.79955659796217221080283366e-02
32 -1.79527272945087454369961222e-02
34 -1.78587053974902758290976834e-02
36 -1.77517779746995327250225216e-02
38 -1.77148674571455770621053460e-02
40 -1.76475986633341831721910609e-02
42 -1.77380538972264495400921192e-02
44 -1.77205717484394120742052792e-02
46 -1.77114944795482252837270920e-02
48 -1.77175784409664520413496547e-02
50 -1.76544953836922369205808536e-02
52 -1.76869110260887002494811782e-02
54 -1.76471719302858758016139262e-02
56 -1.76778081598789743589250634e-02
58 -1.76674955936583430449182686e-02
60 -1.76665830980165597385855847e-02
62 -1.76060795096643629698007771e-02
64 -1.76481704937889796735994707e-02
66 -1.75781652422349159159420395e-02
68 -1.75786236576490062510913504e-02
70 -1.75589344878076640543707043e-02
72 -1.75355961192038660445557952e-02
74 -1.75044858126794794506153607e-02
76 -1.74920326508044773894390289e-02
78 -1.74747282615272600536648895e-02
80 -1.74590668075705057749047455e-02
82 -1.74587569014717260140745481e-02
84 -1.74384702701465936491853626e-02
86 -1.74364621545904478761013223e-02
88 -1.74323272650418990836751476e-02
90 -1.74590861495425402061254516e-02
92 -1.74379303591837911402429029e-02
94 -1.74542552967343438108382969e-02
96 -1.74813577410028453407164761e-02
