10 -2.74636145129758466043590204e-02
12 -2.43422251557726954107607753e-02
14 -2.31962298144467969629456405e-02
16 -2.10463671876532053273134437e-02
18 -2.04644035254780976007538129e-02
20 -1.96057822357747039976327841e-02
22 -1.91999972592671423743393433e-02
24 -1.89734458657610065290821666e-02
26 -1.88340725114128741679575541e-02
28 -1.86476940708107871702559066e-02
30 -1.86085695023279346083100450e-02
32 -1.85074534433682137690713176e-02
34 -1.84880857081404850750239177e-02
36 -1.83444596765136649918481737e-02
38 -1.83002829508495251653599212e-02
40 
42 -1.81972871589638901523855452e-02
44 -1.81608641775643439575382843e-02
46 -1.81127008308856821128252079e-02
48 -1.80967769906123301937306280e-02
50 -1.80395405488517068803844268e-02
52 -1.80159522623240565819546788e-02
54 -1.79858275660338580437258571e-02
56 -1.79858275660338580437258571e-02
58 -1.79068383477933371072943203e-02
60 -1.78926931693954016644454441e-02
62 -1.78464457581223694127015023e-02
64 -1.78293360144498730379680751e-02
66 -1.77951466067931135528468189e-02
68 -1.77966565970909332272675840e-02
70 -1.77613817793534876920968912e-02
72 -1.77371701760111882828496732e-02
74 -1.77259859364713445728511942e-02
76 -1.77015681747216407915246350e-02
78 -1.77059756107360577459530759e-02
80 -1.76915561637779536474646136e-02
82 -1.76892239310666339602295949e-02
84 -1.76683948003142250737784735e-02
86 -1.76599887022210674802913388e-02
88 -1.76523748853567030714373232e-02
90 -1.76454331033002315143320970e-02
92 -1.76413283755317840117982087e-02
94 -1.76327893802897019137621015e-02
96 
98 -1.75996497218250738669986788e-02
100 -1.75838426360403060622061844e-02
102 -1.75850953060657198834260129e-02
104 -1.75415388857817246270887068e-02
106 -1.75454582969285857729779821e-02
108 -1.75217881741569422859861049e-02
110 -1.75128179056228024113028852e-02
112 -1.74968272856779148705097526e-02
114 -1.74894470594221598802597839e-02
116 -1.74891617040239810698665224e-02
118 -1.74787274626917871200859622e-02
120 -1.74779203733059114445058668e-02
122 -1.74729435251526378503061920e-02
124 -1.74721168805880011642983618e-02
126 -1.74657422452247114430523567e-02
128 -1.74730550851746289919841360e-02
