10 -2.58013885584929061889347679e-02
12 -2.29773416325273170668364031e-02
14 -2.10252418954878263213092993e-02
16 -2.03005773807196122915375014e-02
18 -1.89414946903479868012265541e-02
20 -1.86505322067738177338469541e-02
22 -1.81912833882951763264657075e-02
24 -1.80811446188700424009265788e-02
26 -1.79364512432402360697647481e-02
28 -1.78945777231053204658905997e-02
30 -1.78542037141347711970418288e-02
32 -1.78402877184401509325084589e-02
34 -1.77964114053796237935323177e-02
36 -1.77477579888678620168018796e-02
38 -1.77112342177527422315552741e-02
40 -1.76904330768648289373690119e-02
42 -1.76668570876415444159679424e-02
44 -1.76583860945169028588974669e-02
46 -1.76412246197600319774778654e-02
48 -1.76403205412116112493770004e-02
50 -1.76272870923959330824448699e-02
52 -1.76259841645210746374772270e-02
54 -1.76232039432404549716970621e-02
56 -1.76154158950827845198094934e-02
58 -1.76243352127981277310819763e-02
60 -1.76117337934314603653529474e-02
62 -1.76129868702036111727249335e-02
64 
66 -1.76058224112124669935575128e-02
68 -1.76026134269479696270455094e-02
70 -1.76108303799405174761005810e-02
72 -1.75969690939814099595039920e-02
74 -1.75878438801278340342104656e-02
76 -1.75810323985396942114700636e-02
78 -1.75857373292826850430525809e-02
80 -1.75816545922274011792829640e-02
82 -1.75779619848489936095869979e-02
84 -1.75770560551856622200084246e-02
86 -1.75746846850090426839230417e-02
88 -1.75708489031911260780383088e-02
90 -1.75720678869000675181855087e-02
92 -1.75674799742374619648810352e-02
94 -1.75682201524759856736679353e-02
96 -1.75684797828255627460958266e-02
98 -1.75710540573653407891985267e-02
100 -1.75648214097152664814327494e-02
102 -1.75759603957554681741282110e-02
104 -1.75618792530997068490616897e-02
106 -1.75660516417188369842072859e-02
108 -1.75620305918353022955891163e-02
110 -1.75599198147248260204467130e-02
112 -1.75599196426296406958744711e-02
114 -1.75566457220174103326382209e-02
116 -1.75605679301903995492839528e-02
118 -1.75586428695654502007972297e-02
120 -1.75590889735773580948574590e-02
122 -1.75634405505212011500137947e-02
124 -1.75636441031144646673922693e-02
126 -1.75553651943667447798969050e-02
128 -1.75620738811499248199776702e-02
130 -1.75558453590777541197809342e-02
132 -1.75602895984113514804558775e-02
134 -1.75619057918590462663566143e-02
136 -1.75591649174499236929491985e-02
138 -1.75572641295682480011564053e-02
140 -1.75643701237014476790321282e-02
142 -1.75490957984101511590857569e-02
144 -1.75488190634260667055688288e-02
146 -1.75479819401805139933436806e-02
148 -1.75430243849216960239090213e-02
150 -1.75439651594898431141711370e-02
152 -1.75390908434272692340005761e-02
154 -1.75371859233602531147333536e-02
156 -1.75326498616714815392825244e-02
158 -1.75292978799914053733566277e-02
160 -1.75298331377061016034257790e-02
162 -1.75274179735808652291773058e-02
164 -1.75189118088188988675568680e-02
166 -1.75236541458313813124370029e-02
168 -1.75188329337337585223099978e-02
170 -1.75253002496619410266465167e-02
172 -1.75262000148323007775452709e-02
174 -1.75257079703527440805999049e-02
176 -1.75232508842127487902473604e-02
178 -1.75268425698662522194126723e-02
180 -1.75264570310289385934865436e-02
182 -1.75284692816694807893096453e-02
184 -1.75306256680639975520374918e-02
186 -1.75307766886592560073854230e-02
188 -1.75309082725138912217666132e-02
190 -1.75307763167223198963462494e-02
192 -1.75386074804117809977643816e-02
